1023,1030,1061,1067,1078,1080,1081,1094,1101,1107,1130,1130,1140,1167,1171,1182,1200,1202,1210,1226
1238,1255,1271,1284,1293,1307,1310,1321,1331,1335,1352,1355,1356,1362,1375,1383,1387,1395,1403,1416
1416,1426,1430,1430,1445,1450,1466,1466,1491,1513,1519,1521,1533,1534,1538,1561,1561,1561,1570,1571
1572,1586,1588,1600,1624,1648,1653,1670,1675,1675,1678,1688,1690,1698,1706,1708,1714,1725,1727,1740
1745,1762,1770,1783,1788,1796,1828,1842,1870,1888,1892,1897,1898,1899,1900,1922,1940,1951,1953,1957
1979,1986,1991,1996,1997,2005,2007,2022,2023,2026,2026,2065,2068,2075,2079,2115,2122,2127,2134,2153
2157,2163,2164,2199,2201,2206,2222,2234,2237,2258,2259,2270,2279,2280,2282,2291,2300,2308,2312,2313
2320,2327,2329,2365,2394,2398,2415,2435,2440,2460,2460,2503,2516,2517,2532,2537,2538,2542,2560,2563
2569,2573,2575,2589,2598,2612,2631,2632,2635,2642,2644,2676,2694,2719,2727,2762,2766,2769,2773,2779
2789,2819,2829,2843,2851,2853,2858,2867,2873,2878,2884,2885,2899,2921,2921,2928,2953,2954,2958,2958
2959,2975,2999,2999,3033,3033,3040,3056,3078,3093,3102,3102,3117,3140,3141,3144,3154,3155,3160,3171
3172,3186,3197,3199,3199,3205,3210,3224,3293,3299,3318,3320,3322,3329,3335,3335,3335,3337,3338,3342
3351,3352,3353,3353,3366,3371,3376,3377,3383,3406,3416,3416,3422,3437,3441,3466,3468,3471,3477,3479
3484,3487,3492,3494,3496,3519,3524,3532,3539,3539,3541,3550,3568,3571,3575,3579,3589,3594,3601,3610
3612,3622,3628,3639,3658,3673,3674,3674,3688,3690,3700,3704,3707,3725,3785,3792,3794,3810,3818,3827
3840,3854,3861,3866,3890,3905,3934,3955,3959,3961,3968,3973,3988,4030,4036,4046,4077,4085,4088,4125
4126,4129,4129,4156,4160,4164,4165,4171,4179,4179,4191,4199,4210,4219,4221,4234,4235,4238,4240,4241
4253,4255,4255,4263,4279,4294,4294,4299,4306,4309,4323,4332,4343,4353,4359,4364,4373,4383,4408,4411
4414,4416,4418,4422,4430,4442,4453,4456,4462,4482,4503,4532,4536,4545,4549,4550,4550,4570,4575,4576
4589,4598,4607,4624,4625,4627,4631,4657,4658,4665,4689,4698,4725,4727,4727,4729,4735,4748,4748,4756
4758,4773,4817,4821,4821,4824,4846,4849,4850,4857,4859,4872,4879,4882,4889,4903,4916,4933,4961,4964
4966,4977,5019,5020,5039,5054,5060,5069,5080,5083,5089,5093,5095,5104,5116,5124,5130,5136,5139,5150
5158,5159,5167,5185,5198,5216,5221,5226,5242,5242,5243,5261,5271,5281,5281,5281,5282,5287,5289,5299
5309,5313,5317,5321,5354,5357,5362,5369,5369,5381,5386,5410,5411,5420,5430,5430,5431,5434,5471,5483
5487,5490,5500,5500,5504,5510,5511,5513,5523,5551,5553,5566,5569,5575,5583,5602,5611,5618,5618,5624
5631,5634,5635,5640,5645,5647,5660,5664,5676,5683,5688,5699,5730,5730,5733,5734,5777,5778,5790,5800
5814,5826,5830,5834,5851,5851,5858,5874,5876,5888,5892,5899,5923,5925,5929,5940,5955,5967,5976,5990
5992,5997,5998,6006,6008,6023,6026,6119,6123,6123,6144,6150,6184,6186,6188,6190,6196,6213,6214,6215
6242,6244,6258,6266,6269,6288,6290,6293,6311,6311,6329,6333,6348,6353,6379,6385,6394,6403,6405,6408
6439,6441,6444,6466,6482,6499,6503,6507,6511,6514,6528,6534,6539,6562,6597,6613,6616,6625,6626,6641
6643,6654,6668,6675,6689,6701,6703,6707,6714,6718,6733,6754,6755,6766,6770,6774,6778,6784,6786,6799
6800,6804,6822,6823,6826,6826,6834,6836,6849,6858,6870,6878,6894,6901,6902,6928,6928,6928,6931,6937
6943,6952,6953,6998,7005,7012,7016,7017,7024,7038,7042,7069,7073,7081,7089,7092,7096,7119,7131,7162
7165,7168,7186,7201,7203,7212,7225,7231,7234,7238,7243,7246,7247,7247,7258,7259,7267,7269,7271,7273
7276,7283,7289,7289,7292,7309,7310,7311,7313,7323,7341,7344,7344,7365,7366,7374,7387,7388,7392,7413
7426,7429,7433,7435,7437,7437,7438,7440,7443,7445,7452,7454,7459,7482,7491,7491,7504,7506,7520,7537
7539,7541,7546,7551,7555,7558,7559,7560,7573,7577,7582,7596,7597,7614,7633,7659,7659,7677,7696,7696
7710,7720,7734,7741,7753,7755,7780,7786,7791,7794,7796,7796,7797,7823,7828,7842,7843,7844,7849,7879
7890,7916,7948,8000,8005,8009,8014,8017,8026,8042,8066,8081,8116,8139,8145,8153,8172,8172,8180,8184
8188,8195,8195,8200,8205,8208,8221,8225,8229,8232,8239,8240,8250,8268,8277,8284,8286,8303,8311,8319
8322,8327,8330,8344,8345,8366,8369,8398,8399,8400,8405,8433,8441,8456,8475,8480,8485,8490,8492,8515
8524,8531,8532,8546,8550,8564,8566,8577,8581,8584,8589,8598,8603,8611,8623,8627,8658,8660,8677,8685
8697,8716,8727,8733,8737,8745,8747,8762,8778,8789,8791,8793,8805,8809,8811,8815,8815,8820,8820,8823
8830,8832,8850,8869,8871,8879,8883,8887,8887,8892,8926,8941,8947,8958,8966,8981,8981,8990,8996,9010
9011,9019,9029,9030,9038,9068,9072,9073,9077,9087,9107,9108,9118,9118,9133,9145,9149,9156,9161,9171
9175,9181,9182,9190,9192,9193,9197,9203,9203,9205,9229,9229,9250,9274,9284,9329,9334,9335,9335,9345
9353,9382,9391,9401,9414,9415,9425,9431,9459,9462,9463,9480,9488,9493,9499,9508,9510,9524,9534,9549
9562,9568,9570,9571,9573,9573,9575,9592,9593,9599,9613,9617,9619,9624,9625,9629,9635,9637,9659,9672
9681,9687,9691,9702,9706,9708,9736,9747,9751,9752,9754,9755,9758,9765,9790,9791,9793,9800,9800,9803
9823,9841,9842,9858,9877,9881,9903,9903,9905,9915,9922,9934,9957,9964,9971,9975,9976,9992,9994