9592,3690,2589,5054,1466,5688,3468,9708,4857,7753,4088,7203,2282,1698,2954,7344,1714,3102,6119,8400
3594,5858,8820,4545,7267,1140,7289,3140,9391,8697,9858,6714,9030,3866,9976,7506,4442,9010,7551,8869
3658,3519,9752,5990,9659,1922,2631,8745,2789,1788,4503,7559,2873,3471,8737,3155,9073,8319,5851,1445
4607,4411,3589,2312,8303,8820,1167,9345,6689,5640,9038,5814,7238,1171,4373,7289,5500,4036,8240,8344
9156,1783,8492,5083,4625,6836,7546,8793,8475,7131,2851,4294,2201,3441,6333,5997,4549,2516,5060,3102
9754,1080,1996,5381,6616,7387,7794,9823,1416,7843,5410,8225,6123,4306,6394,7823,4748,9803,4046,9629
9758,3524,7445,3437,8584,2575,7073,4462,3854,1335,5676,6190,7273,4364,7309,7292,2766,6786,5634,5420
6931,8564,7168,1352,4453,8081,1533,4575,9736,3968,7231,3988,9414,6998,6901,9534,5929,2953,2899,6799
3539,5095,6707,3172,8490,3160,5430,5136,5730,6701,1675,4221,8850,6379,1310,5664,7696,3040,1466,1648
8000,7537,5513,8139,2727,8405,6311,1708,5551,9250,5287,8996,2635,5242,5093,7796,2258,4977,2291,9181
8832,2398,8239,3725,6928,7828,4849,4903,5830,8747,7539,7437,4240,7560,7433,1892,7541,2878,9751,2259
8550,9335,4418,5185,2921,7323,5967,9691,8172,4179,1255,3575,9462,6755,1588,3337,2065,3186,9549,4727
9524,1383,2157,6778,6213,5602,8250,7388,5683,9171,5362,3376,1842,7459,9087,1690,7440,4758,4323,5876
3612,3466,7119,4698,5998,9382,4309,8284,2153,7162,1725,8805,8005,8815,9964,1828,6258,1130,6329,6703
9575,6562,1986,2598,2279,8811,9203,1067,1653,3959,8598,9068,9903,8809,7614,4658,3205,2853,1957,1202
9573,5159,9190,4846,1951,9510,7437,8311,2563,8981,6290,9568,1491,1030,6196,1450,3794,8883,8042,5888
1940,9203,8733,8966,2503,4725,2313,8515,4359,2435,9994,7392,3568,8398,5923,1356,8172,7482,6466,2885
7780,9790,6288,3861,8603,4235,5892,9599,9702,7791,7271,4164,2560,4332,7842,5631,6266,7313,2163,5369
6528,9573,7247,3329,8566,6123,8017,8180,3785,4255,8577,6405,3154,8611,7024,6441,4085,2022,6511,6353
2440,8778,8791,2573,4263,9624,3674,8546,6244,2858,3353,8823,7491,8581,1688,7258,4916,3905,2460,5282
6826,3383,5020,3416,2280,6902,9637,1519,9635,9881,5511,8277,9571,1416,1101,7429,3827,7890,5618,1899
6503,2308,4343,4299,3093,5569,7201,9334,8677,7741,4191,7786,1586,8887,1561,4964,9562,2779,7259,9029
4482,2538,3601,5198,1355,7879,9613,4241,4889,1870,7844,1534,5089,9922,5167,4383,6826,9499,3366,8145
2829,5299,4238,5431,6215,5940,5490,7452,2005,5216,9415,7165,8286,5139,8762,7633,4756,9625,7069,4126
4532,1200,9118,1897,8990,9842,9672,7849,7438,4665,5826,6952,9480,5734,4294,8879,3571,4817,8221,4821
6348,9791,6597,9284,8627,4570,8188,9193,1362,7555,3318,5150,3810,7276,4627,5645,6008,9765,2068,3707
2237,6654,7435,1430,8195,2532,4850,9077,6403,9401,1572,2122,8947,8524,5800,5566,4156,6482,8205,5874
5226,3352,4735,2542,6733,2327,1182,6784,8941,8330,4255,1226,8658,5430,2460,9192,9617,4966,2999,8532
1130,1307,9229,6184,9182,8892,9957,8200,8815,4576,5039,2329,1375,6293,5281,8066,1898,9971,8685,4589
1600,2115,6878,7042,2234,7797,9145,6625,1678,9019,1513,9593,6894,9488,5242,6026,1426,9107,3199,4219
7582,7710,7696,9905,4414,6766,9747,4430,9877,9118,6770,9161,4253,3700,9197,5471,2769,3496,2222,4933
5583,4077,1107,5281,1561,3293,3353,1293,6834,4821,3371,3406,6718,2026,3322,2023,9570,2270,5510,7341
1538,1387,2075,1015,1745,7243,3639,3973,1675,1570,6311,7017,1727,3792,2394,6534,6408,5487,7413,5635
7234,6613,9205,8116,5354,2134,9619,1078,3479,1762,1953,7005,7596,1238,7755,5116,3199,3210,7225,5575
9459,7310,5553,6144,5618,4210,6385,4773,3351,7520,9274,6507,2415,3144,6800,9353,3335,8208,2517,1979
6641,8366,6214,5080,4872,1740,2958,3539,5699,6822,2206,7283,2079,4882,3550,9463,9508,6269,6668,5834
9793,7374,5019,5790,1284,7089,9992,9072,7186,7659,3422,5504,7796,5317,4129,6804,1706,9687,8327,4408
5386,3818,1395,6444,9681,7577,5955,8009,2026,1061,1321,3961,3492,2644,6774,5730,3541,7038,3338,9431
8789,7659,9425,7948,7269,5500,9335,7443,7558,8716,9108,9800,5158,4171,5243,7677,3622,7344,5124,6499
3335,8871,7081,6006,6626,4550,6150,1571,8926,6928,1561,2320,1900,3197,3673,2632,1991,8399,2676,4859
4824,3416,7504,3342,5221,4125,5778,5483,5281,2537,7597,3320,8887,4727,7491,3628,1888,9841,5271,7916
2164,7454,6858,8441,5261,6675,5660,1770,6439,5289,3299,2694,6539,3078,6823,1430,6643,8531,8830,5523
6928,2762,5411,7012,6943,2569,4416,1521,6186,1023,9493,3377,6242,5130,5369,8660,3890,1403,7365,7734
2007,9903,3056,8433,6188,1210,3117,2365,6754,6514,8345,4631,5309,9229,8232,3484,6849,3688,7247,3704
2843,4030,3532,2127,1796,5313,8153,1670,7096,1624,3840,7311,9133,7092,7720,4624,8623,3224,4422,9175
5976,8485,3335,4748,3477,9800,2921,4179,1331,1081,4234,2884,5992,5321,4160,9329,2719,7366,4279,3171
5611,5733,4961,6953,2612,1094,8727,6023,4456,8589,3494,4879,7016,3674,8229,9934,3579,4598,8322,8981
4129,8480,9149,3610,1997,9011,3141,9755,6870,8014,3934,2999,9975,4689,8195,4729,5777,4550,5624,8369
5434,9915,3033,3033,2199,2819,8958,4353,7573,3955,4536,2959,4165,8184,5925,3487,2958,5851,4199,9706
5069,2773,7426,7246,1271,5357,2300,8026,5647,5899,5104,7212,2642,8456,2867,4657,2928,8268,2975