9992,9976,9975,9971,9964,9957,9934,9922,9915,9905,9903,9903,9881,9877,9858,9842,9841,9823,9803,9800
9800,9793,9791,9790,9765,9758,9755,9754,9752,9751,9747,9736,9708,9706,9702,9691,9687,9681,9672,9659
9637,9635,9629,9625,9624,9619,9617,9613,9599,9593,9592,9575,9573,9573,9571,9570,9568,9562,9549,9534
9524,9510,9508,9499,9493,9488,9480,9463,9462,9459,9431,9425,9415,9414,9401,9391,9382,9353,9345,9335
9335,9334,9329,9284,9274,9250,9229,9229,9205,9203,9203,9197,9193,9192,9190,9182,9181,9175,9171,9161
9156,9149,9145,9133,9118,9118,9108,9107,9087,9077,9073,9072,9068,9038,9030,9029,9019,9011,9010,8996
8990,8981,8981,8966,8958,8947,8941,8926,8892,8887,8887,8883,8879,8871,8869,8850,8832,8830,8823,8820
8820,8815,8815,8811,8809,8805,8793,8791,8789,8778,8762,8747,8745,8737,8733,8727,8716,8697,8685,8677
8660,8658,8627,8623,8611,8603,8598,8589,8584,8581,8577,8566,8564,8550,8546,8532,8531,8524,8515,8492
8490,8485,8480,8475,8456,8441,8433,8405,8400,8399,8398,8369,8366,8345,8344,8330,8327,8322,8319,8311
8303,8286,8284,8277,8268,8250,8240,8239,8232,8229,8225,8221,8208,8205,8200,8195,8195,8188,8184,8180
8172,8172,8153,8145,8139,8116,8081,8066,8042,8026,8017,8014,8009,8005,8000,7948,7916,7890,7879,7849
7844,7843,7842,7828,7823,7797,7796,7796,7794,7791,7786,7780,7755,7753,7741,7734,7720,7710,7696,7696
7677,7659,7659,7633,7614,7597,7596,7582,7577,7573,7560,7559,7558,7555,7551,7546,7541,7539,7537,7520
7506,7504,7491,7491,7482,7459,7454,7452,7445,7443,7440,7438,7437,7437,7435,7433,7429,7426,7413,7392
7388,7387,7374,7366,7365,7344,7344,7341,7323,7313,7311,7310,7309,7292,7289,7289,7283,7276,7273,7271
7269,7267,7259,7258,7247,7247,7246,7243,7238,7234,7231,7225,7212,7203,7201,7186,7168,7165,7162,7131
7119,7096,7092,7089,7081,7073,7069,7042,7038,7024,7017,7016,7012,7005,6998,6953,6952,6943,6937,6931
6928,6928,6928,6902,6901,6894,6878,6870,6858,6849,6836,6834,6826,6826,6823,6822,6804,6800,6799,6786
6784,6778,6774,6770,6766,6755,6754,6733,6718,6714,6707,6703,6701,6689,6675,6668,6654,6643,6641,6626
6625,6616,6613,6597,6562,6539,6534,6528,6514,6511,6507,6503,6499,6482,6466,6444,6441,6439,6408,6405
6403,6394,6385,6379,6353,6348,6333,6329,6311,6311,6293,6290,6288,6269,6266,6258,6244,6242,6215,6214
6213,6196,6190,6188,6186,6184,6150,6144,6123,6123,6119,6026,6023,6008,6006,5998,5997,5992,5990,5976
5967,5955,5940,5929,5925,5923,5899,5892,5888,5876,5874,5858,5851,5851,5834,5830,5826,5814,5800,5790
5778,5777,5734,5733,5730,5730,5699,5688,5683,5676,5664,5660,5647,5645,5640,5635,5634,5631,5624,5618
5618,5611,5602,5583,5575,5569,5566,5553,5551,5523,5513,5511,5510,5504,5500,5500,5490,5487,5483,5471
5434,5431,5430,5430,5420,5411,5410,5386,5381,5369,5369,5362,5357,5354,5321,5317,5313,5309,5299,5289
5287,5282,5281,5281,5281,5271,5261,5243,5242,5242,5226,5221,5216,5198,5185,5167,5159,5158,5150,5139
5136,5130,5124,5116,5104,5095,5093,5089,5083,5080,5069,5060,5054,5039,5020,5019,4977,4966,4964,4961
4933,4916,4903,4889,4882,4879,4872,4859,4857,4850,4849,4846,4824,4821,4821,4817,4773,4758,4756,4748
4748,4735,4729,4727,4727,4725,4698,4689,4665,4658,4657,4631,4627,4625,4624,4607,4598,4589,4576,4575
4570,4550,4550,4549,4545,4536,4532,4503,4482,4462,4456,4453,4442,4430,4422,4418,4416,4414,4411,4408
4383,4373,4364,4359,4353,4343,4332,4323,4309,4306,4299,4294,4294,4279,4263,4255,4255,4253,4241,4240
4238,4235,4234,4221,4219,4210,4199,4191,4179,4179,4171,4165,4164,4160,4156,4129,4129,4126,4125,4088
4085,4077,4046,4036,4030,3988,3973,3968,3961,3959,3955,3934,3905,3890,3866,3861,3854,3840,3827,3818
3810,3794,3792,3785,3725,3707,3704,3700,3690,3688,3674,3674,3673,3658,3639,3628,3622,3612,3610,3601
3594,3589,3579,3575,3571,3568,3550,3541,3539,3539,3532,3524,3519,3496,3494,3492,3487,3484,3479,3477
3471,3468,3466,3441,3437,3422,3416,3416,3406,3383,3377,3376,3371,3366,3353,3353,3352,3351,3342,3338
3337,3335,3335,3335,3329,3322,3320,3318,3299,3293,3224,3210,3205,3199,3199,3197,3186,3172,3171,3160
3155,3154,3144,3141,3140,3117,3102,3102,3093,3078,3056,3040,3033,3033,2999,2999,2975,2959,2958,2958
2954,2953,2928,2921,2921,2899,2885,2884,2878,2873,2867,2858,2853,2851,2843,2829,2819,2789,2779,2773
2769,2766,2762,2727,2719,2694,2676,2644,2642,2635,2632,2631,2612,2598,2589,2575,2573,2569,2563,2560
2542,2538,2537,2532,2517,2516,2503,2460,2460,2440,2435,2415,2398,2394,2365,2329,2327,2320,2313,2312
2308,2300,2291,2282,2280,2279,2270,2259,2258,2237,2234,2222,2206,2201,2199,2164,2163,2157,2153,2134
2127,2122,2115,2079,2075,2068,2065,2026,2026,2023,2022,2007,2005,1997,1996,1991,1986,1979,1957,1953
1951,1940,1922,1900,1899,1898,1897,1892,1888,1870,1842,1828,1796,1788,1783,1770,1762,1745,1740,1727
1725,1714,1708,1706,1698,1690,1688,1678,1675,1675,1670,1653,1648,1624,1600,1588,1586,1572,1571,1570
1561,1561,1561,1538,1534,1533,1521,1519,1513,1491,1466,1466,1450,1445,1430,1430,1426,1416,1416,1403
1395,1387,1383,1375,1362,1356,1355,1352,1335,1331,1321,1310,1307,1293,1284,1271,1255,1238,1226,1210
1202,1200,1182,1171,1167,1140,1130,1130,1107,1101,1094,1081,1080,1078,1067,1061,1030,1023,1015